ZhangChao 201983260025 79 89 54 74 78 79 76
ZhangQiuyang 201983260033 78 76 84 82 81 83 89
ZhangYue 201983260037 78 89 56 68 79 94 81
RenShiji 201983260036 78 98 56 65 84 74 71
JiangYuwei 201983260039 89 58 56 45 61 60 59
HaoSijia 201983260256 92 65 82 86 94 86 89
LinXiaotong 201983260288 99 82 86 89 87 87 84
ZengYuner 201983260249 75 76 71 84 89 48 81
QiuYueqing 201983260213 61 65 68 95 84 75 76
ShenChen 201983260215 77 84 75 72 66 55 78
LiXiaobei 201983260248 81 82 92 92 93 81 84
YiNan 201983260246 89 84 71 51 56 63 68
ChenXiaoxu 201983260259 59 85 91 51 62 66 47
XueQIan 201983260279 79 71 75 76 81 86 91
XIaoYu 201983260289 79 81 95 98 81 81 72
QiaoXiaomai 201983260266 91 81 75 71 87 76 81
ChenLu 201983260217 56 68 81 72 68 94 75
DuYuanyuan 201983260277 85 64 53 56 59 98 81
TangQingqing 201983260296 94 81 94 81 86 83 91
LiuXiaoLin 201983260389 84 71 91 81 93 98 75
ShenZhongyuan 201983260377 84 92 91 71 82 86 91
SunZhaohui 201983260356 78 79 74 84 75 82 83
WangZhaoguo 201983260348 84 89 89 68 84 81 82
ShanTijun 201983260322 79 84 75 78 71 72 62
ChiDongyan 201983260323 89 84 82 81 82 86 94
JieWeijie 201983260325 90 92 97 99 78 94 87
ZhouBo 201983260329 95 92 93 85 89 85 89
WuYang 201983260327 79 84 82 89 48 79 89
FeiHao 201983260333 89 87 86 78 98 89 84
WuHeng 201983260456 79 94 89 84 82 76 64
KangXiaoyan 201983260489 68 46 91 64 68 71 85
YangChao 201983260485 59 83 92 76 74 57 91
CaoXuexun 201983260444 79 84 32 92 49 86 91
DingZhen 201983290100 59 59 59 59 59 59 59
