ZhangHongzhen 201983290165 80 90 87 86 85 84 83 97 67
WuTianzhen 201983290156 87 86 5 87 98 87 76 36 75
JiJiahu 201983290169 87 97 86 97 86 98 86 86 94
ZhangJunzhe 201983290156 98 85 93 72 95 73 61 75 86
GaoDashan 201983290188 53 75 54 36 75 64 78 87 85
XieDahai 201983290144 53 65 34 78 90 75 63 74 95
WangJuran 201983290162 98 86 75 48 96 34 90 78 88
ZhaoLiuliu 201983290180 25 64 74 5 3 74 53 57 90
MaHongyu 201983290160 87 98 76 96 85 64 89 47 86
LinMang 201983290182 87 98 67 64 87 98 90 97 86
PengWanli 201983290199 89 87 99 90 87 88 90 99 78
HuangQianghui 201983280123 88 89 90 99 99 97 87 88 78
ZhangHanfu 201983280134 78 88 79 76 79 79 89 89 89
FanChangjiang 201983280012 88 89 87 87 88 89 88 79 89
LinJunxiong 201983280011 90 99 98 97 96 99 98 98 98
TanPingshan 201983280013 88 87 86 88 89 89 89 90 90
ZhuXiliang 201983280023 90 99 97 96 98 99 88 88 87
LiSiguang 201983280022 88 87 86 88 88 88 89 99 90
GanTiesheng 201983280021 88 89 90 90 99 99 89 90 90
MaJizu 201983280014 88 87 86 88 85 88 87 87 87
ChengXiaoxian 201983280015 77 78 77 76 77 78 78 89 89
ZongJingxian 201983280046 89 87 86 88 87 78 78 89 80
NianGuangsi 201983280043 89 88 86 87 87 88 86 88 89
TangShaoqi 201983280024 88 89 89 90 99 78 79 77 78
LvXianzu 201983280025 78 77 79 88 89 90 99 89 78
HeGuangzong 201983270026 77 79 89 99 89 90 99 79 0
SunNianzu 201983270034 78 89 90 89 89 90 99 90 89
MaJianguo 201983270033 67 78 89 78 78 89 89 78 68
FengXingguo 201983270035 78 78 89 89 90 99 90 90 97
HaoAimin 201983270036 79 89 90 99 98 97 96 97 98
YuXueguo 201983270037 78 89 89 89 90 90 99 97 96
ManLianzhong 201983270067 89 88 89 80 90 97 98 99 99
HuBaoshan 201983270065 68 78 89 90 98 99 79 89 86
LiZongren 201983270066 89 88 87 89 90 90 97 97 97
HongXuezhi 201983270063 89 88 87 87 86 89 80 90 90
YuKeqin 201983270077 89 88 90 97 90 99 87 89 89
WuKejin 201983270078 78 89 86 87 88 86 89 88 89
YangWeiyi 201983270075 89 88 78 89 87 87 88 88 86
LiWenxin 201983260074 78 77 89 88 86 88 89 90 99
YangZhongliang 201983260088 78 88 88 89 99 99 79 89 99
ZhaoDahua 201983260089 78 89 90 99 97 98 96 99 88
ZhenDayi 201983260054 78 88 89 90 90 79 69 89 79
SunTianmin 201983260055 89 88 87 89 80 90 98 98 87
ZhaoJinxi 201983260044 89 89 88 87 88 86 89 88 90
96 ZhaoDerong 2147483647 90 99 98 97 78 77 76 75
75 ZhaoDemao 2147483647 78 77 89 90 96 98 96 96
95 QianHanxaing 2147483647 78 77 89 89 89 99 98 90
90 QianYungao 2147483647 78 77 77 89 88 88 90 99
98 QianShenglu 2147483647 88 89 90 90 99 98 98 97
97 WangZijiu 2147483647 78 77 89 88 87 86 89 90
98  0 0 0 0 0 0 0 0 0