FanJieHao 201982290112 80 90 87 86 85
JiYi 201982290113 93 56 84 74 68
BianJiaWei 201982290114 86 93 85 84 71
GeiYuLing 201982290115 59 49 52 68 70
GuJiang 201982290116 85 64 92 74 63
GuTianXiao 201982290117 77 55 96 84 72
GUYuanNan 201982290118 84 90 77 63 72
HuangJuYiJia 201982290119 90 88 87 79 91
HuangLingLong 201982290120 85 64 74 55 96
LiuYuXin 201982290121 75 81 74 71 73
QianXv 201982290122 65 59 88 71 84
QinCaoYu 201982290123 65 74 95 35 81
ShiChenYang 201982290124 74 85 96 72 83
WuTianLong 201982290125 68 62 67 74 72
ZhangWenJie 201982290126 74 75 81 86 69
BaiQiuYan 201982290127 84 86 92 75 86
CaiTianAo 201982290128 64 65 69 68 67
CaiYaWen 201982290129 84 71 73 96 85
CaoDuXuan 201982290130 75 71 69 67 65
DiaoJunJie 201982290131 84 82 83 79 69
FanZiChen 201982290132 96 98 97 93 95
GuShuYing 201982290133 84 82 83 91 79
GuYu 201982290134 61 68 55 69 70
HeYing 201982290135 74 76 81 96 69
HuangLinJie 201982290136 85 84 82 83 77
HuangSuSu 201982290137 84 72 76 68 95
JiangDan 201982290138 74 75 72 76 85
JiangYuQing 201982290139 84 83 79 74 69
LiQianWen 201982290140 74 75 76 81 83
MaNan 201982290141 51 84 63 53 78
QiuSiYu 201982290142 84 69 56 85 65
ZhuangSaiBin 201982290143 96 85 84 75 79
ShanYuanYuan 201982290144 84 72 81 65 81
ShenJiaNi 201982290145 74 75 91 68 55
WuBoLiang 201982290146 85 74 96 92 84
WuJiaWei 201982290147 57 69 45 65 85
XvHao 201982290148 74 84 76 69 68
XvRunXiang 201982290149 75 84 76 91 85
XvYuanYuan 201982290150 84 86 95 72 79
XvXiaoYan 201982290151 72 68 71 73 81
XvXing 201982290152 84 86 91 79 75
ZhaoQianWen 201982290153 69 68 75 74 76
HuLingYan 201982290154 84 75 76 81 75
ZhuQiuYu 201982290155 84 75 96 84 72
JiTing 201982290156 73 64 69 80 75
LuJiaHao 201982290157 77 60 75 64 76
XvShuaiNan 201982290158 74 68 64 76 78
YuZhouYang 201982290159 77 59 89 63 52
CaoXin 201982290160 82 56 91 87 93
CaoZhen 201982290161 67 55 95 71 75
DingWeiYang 201982290162 73 72 69 68 55
DingZhen 201982290100 60 60 60 60 60
