SunXucheng 201983190165 80 90 87 86 85 84 83
SunYucheng 201983190156 87 86 5 87 98 87 76
ZhaoWenzhu 201983190169 87 97 86 97 86 99 89
QianWenzhu 201983190156 98 85 93 72 95 73 61
SunLianbo 201983190188 53 75 54 36 75 64 78
ZhangYuan 201983190144 53 65 34 78 90 75 63
SunYouyou 201983190162 98 86 75 48 96 34 90
SunXuejun 201983190180 25 64 74 53 74 53 78
ZhaoXuexi 201983190160 87 98 76 96 85 64 89
ZhaoYunyun 201983190182 87 98 67 64 87 98 90
ZhangZhuoyuan 201983190112 78 89 89 90 90 90 99
WangXuejun 201983190113 88 89 88 90 99 97 96
WangYangdong 201983190114 78 89 88 89 90 97 96
ZhaoNingda 201983190115 88 99 90 98 97 96 96
ZhangMingda 201983190116 99 89 90 70 90 70 89
SunLihui 201983190117 78 68 89 78 77 77 89
SunLu 201983190118 77 76 78 89 86 87 78
SunYouyou 201983190122 67 78 89 89 89 88 78
SunLulu 201983190123 88 89 88 78 89 90 90
ZhaoZhuoyuan 201983190124 99 98 97 99 90 99 98
WangYawei 201983190125 97 96 96 89 89 88 87
WangMiao 201983190126 78 77 89 89 89 90 90
ZhaoXuejun 201983190127 88 88 87 87 87 88 88
ZhangLihui 201983190128 87 87 78 78 89 89 90
ZhangXiangchen 201983190134 90 98 98 99 97 97 99
WangGedan 201983190135 90 81 82 89 90 90 99
ZhangYu 201983190136 99 90 99 90 98 97 96
ZhangShang 201983190137 89 88 88 78 77 77 89
ZhangNing 201983190145 89 88 87 86 85 88 89
SunGehan 201983190146 88 87 88 89 88 98 98
YangXuesong 201983190147 67 66 78 77 78 89 89
YangXue 201983190148 67 68 88 87 86 88 89
LiXue 201983190149 89 88 88 87 88 86 99
LiYangyang 201983190143 89 88 89 90 99 97 96
YangGe 201983190157 87 88 89 90 99 98 97
TangYuan 201983190154 78 89 89 90 90 99 98
YangYang 201983190153 67 78 77 76 75 74 77
YangNing 201983190156 78 77 76 75 73 65 56
SunLijun 201983190177 88 87 86 88 89 90 96
WangJun 201983190176 98 88 99 87 88 98 97
ZhaoYun 201983190179 99 90 97 96 95 89 67
ZhangYun 201983190171 67 77 87 89 89 99 87
YangZedong 201983190173 78 77 89 88 87 86 85
YangXiaoping 201983190174 98 99 96 95 99 90 89
YangLiandong 201983190188 89 89 90 90 90 99 97
LiFu 201983190189 78 77 89 89 90 99 99
ZhaoLianfu 201983190187 98 99 96 96 98 97 99
ZhangShaohan 201983190185 78 88 89 90 99 79 89
WangShanzhong 201983190199 89 99 90 78 88 89 89
ZongShaozhong 201983190198 78 77 77 89 88 86 85
